multipleArray run with num=3 and length=3 this is run 1 of the program
3
6
9
multipleArray run with num=3 and length=3 this is run 2 of the program
3
6
9
multipleArray run with num=3 and length=3 this is run 3 of the program
3
6
9
multipleArray run with num=3 and length=3 this is run 4 of the program
3
6
9
multipleArray run with num=3 and length=3 this is run 5 of the program
3
6
9
multipleArray run with num=4532 and length=2345 this is run 6 of the program
4532
9064
13596
18128
22660
27192
31724
36256
40788
45320
49852
54384
58916
63448
67980
72512
77044
81576
86108
90640
95172
99704
104236
108768
113300
117832
122364
126896
131428
135960
140492
145024
149556
154088
158620
163152
167684
172216
176748
181280
185812
190344
194876
199408
203940
208472
213004
217536
222068
226600
231132
235664
240196
244728
249260
253792
258324
262856
267388
271920
276452
280984
285516
290048
294580
299112
303644
308176
312708
317240
321772
326304
330836
335368
339900
344432
348964
353496
358028
362560
367092
371624
376156
380688
385220
389752
394284
398816
403348
407880
412412
416944
421476
426008
430540
435072
439604
444136
448668
453200
457732
462264
466796
471328
475860
480392
484924
489456
493988
498520
503052
507584
512116
516648
521180
525712
530244
534776
539308
543840
548372
552904
557436
561968
566500
571032
575564
580096
584628
589160
593692
598224
602756
607288
611820
616352
620884
625416
629948
634480
639012
643544
648076
652608
657140
661672
666204
670736
675268
679800
684332
688864
693396
697928
702460
706992
711524
716056
720588
725120
729652
734184
738716
743248
747780
752312
756844
761376
765908
770440
774972
779504
784036
788568
793100
797632
802164
806696
811228
815760
820292
824824
829356
833888
838420
842952
847484
852016
856548
861080
865612
870144
874676
879208
883740
888272
892804
897336
901868
906400
910932
915464
919996
924528
929060
933592
938124
942656
947188
951720
956252
960784
965316
969848
974380
978912
983444
987976
992508
997040
1001572
1006104
1010636
1015168
1019700
1024232
1028764
1033296
1037828
1042360
1046892
1051424
1055956
1060488
1065020
1069552
1074084
1078616
1083148
1087680
1092212
1096744
1101276
1105808
1110340
1114872
1119404
1123936
1128468
1133000
1137532
1142064
1146596
1151128
1155660
1160192
1164724
1169256
1173788
1178320
1182852
1187384
1191916
1196448
1200980
1205512
1210044
1214576
1219108
1223640
1228172
1232704
1237236
1241768
1246300
1250832
1255364
1259896
1264428
1268960
1273492
1278024
1282556
1287088
1291620
1296152
1300684
1305216
1309748
1314280
1318812
1323344
1327876
1332408
1336940
1341472
1346004
1350536
1355068
1359600
1364132
1368664
1373196
1377728
1382260
1386792
1391324
1395856
1400388
1404920
1409452
1413984
1418516
1423048
1427580
1432112
1436644
1441176
1445708
1450240
1454772
1459304
1463836
1468368
1472900
1477432
1481964
1486496
1491028
1495560
1500092
1504624
1509156
1513688
1518220
1522752
1527284
1531816
1536348
1540880
1545412
1549944
1554476
1559008
1563540
1568072
1572604
1577136
1581668
1586200
1590732
1595264
1599796
1604328
1608860
1613392
1617924
1622456
1626988
1631520
1636052
1640584
1645116
1649648
1654180
1658712
1663244
1667776
1672308
1676840
1681372
1685904
1690436
1694968
1699500
1704032
1708564
1713096
1717628
1722160
1726692
1731224
1735756
1740288
1744820
1749352
1753884
1758416
1762948
1767480
1772012
1776544
1781076
1785608
1790140
1794672
1799204
1803736
1808268
1812800
1817332
1821864
1826396
1830928
1835460
1839992
1844524
1849056
1853588
1858120
1862652
1867184
1871716
1876248
1880780
1885312
1889844
1894376
1898908
1903440
1907972
1912504
1917036
1921568
1926100
1930632
1935164
1939696
1944228
1948760
1953292
1957824
1962356
1966888
1971420
1975952
1980484
1985016
1989548
1994080
1998612
2003144
2007676
2012208
2016740
2021272
2025804
2030336
2034868
2039400
2043932
2048464
2052996
2057528
2062060
2066592
2071124
2075656
2080188
2084720
2089252
2093784
2098316
2102848
2107380
2111912
2116444
2120976
2125508
2130040
2134572
2139104
2143636
2148168
2152700
2157232
2161764
2166296
2170828
2175360
2179892
2184424
2188956
2193488
2198020
2202552
2207084
2211616
2216148
2220680
2225212
2229744
2234276
2238808
2243340
2247872
2252404
2256936
2261468
2266000
2270532
2275064
2279596
2284128
2288660
2293192
2297724
2302256
2306788
2311320
2315852
2320384
2324916
2329448
2333980
2338512
2343044
2347576
2352108
2356640
2361172
2365704
2370236
2374768
2379300
2383832
2388364
2392896
2397428
2401960
2406492
2411024
2415556
2420088
2424620
2429152
2433684
2438216
2442748
2447280
2451812
2456344
2460876
2465408
2469940
2474472
2479004
2483536
2488068
2492600
2497132
2501664
2506196
2510728
2515260
2519792
2524324
2528856
2533388
2537920
2542452
2546984
2551516
2556048
2560580
2565112
2569644
2574176
2578708
2583240
2587772
2592304
2596836
2601368
2605900
2610432
2614964
2619496
2624028
2628560
2633092
2637624
2642156
2646688
2651220
2655752
2660284
2664816
2669348
2673880
2678412
2682944
2687476
2692008
2696540
2701072
2705604
2710136
2714668
2719200
2723732
2728264
2732796
2737328
2741860
2746392
2750924
2755456
2759988
2764520
2769052
2773584
2778116
2782648
2787180
2791712
2796244
2800776
2805308
2809840
2814372
2818904
2823436
2827968
2832500
2837032
2841564
2846096
2850628
2855160
2859692
2864224
2868756
2873288
2877820
2882352
2886884
2891416
2895948
2900480
2905012
2909544
2914076
2918608
2923140
2927672
2932204
2936736
2941268
2945800
2950332
2954864
2959396
2963928
2968460
2972992
2977524
2982056
2986588
2991120
2995652
3000184
3004716
3009248
3013780
3018312
3022844
3027376
3031908
3036440
3040972
3045504
3050036
3054568
3059100
3063632
3068164
3072696
3077228
3081760
3086292
3090824
3095356
3099888
3104420
3108952
3113484
3118016
3122548
3127080
3131612
3136144
3140676
3145208
3149740
3154272
3158804
3163336
3167868
3172400
3176932
3181464
3185996
3190528
3195060
3199592
3204124
3208656
3213188
3217720
3222252
3226784
3231316
3235848
3240380
3244912
3249444
3253976
3258508
3263040
3267572
3272104
3276636
3281168
3285700
3290232
3294764
3299296
3303828
3308360
3312892
3317424
3321956
3326488
3331020
3335552
3340084
3344616
3349148
3353680
3358212
3362744
3367276
3371808
3376340
3380872
3385404
3389936
3394468
3399000
3403532
3408064
3412596
3417128
3421660
3426192
3430724
3435256
3439788
3444320
3448852
3453384
3457916
3462448
3466980
3471512
3476044
3480576
3485108
3489640
3494172
3498704
3503236
3507768
3512300
3516832
3521364
3525896
3530428
3534960
3539492
3544024
3548556
3553088
3557620
3562152
3566684
3571216
3575748
3580280
3584812
3589344
3593876
3598408
3602940
3607472
3612004
3616536
3621068
3625600
3630132
3634664
3639196
3643728
3648260
3652792
3657324
3661856
3666388
3670920
3675452
3679984
3684516
3689048
3693580
3698112
3702644
3707176
3711708
3716240
3720772
3725304
3729836
3734368
3738900
3743432
3747964
3752496
3757028
3761560
3766092
3770624
3775156
3779688
3784220
3788752
3793284
3797816
3802348
3806880
3811412
3815944
3820476
3825008
3829540
3834072
3838604
3843136
3847668
3852200
3856732
3861264
3865796
3870328
3874860
3879392
3883924
3888456
3892988
3897520
3902052
3906584
3911116
3915648
3920180
3924712
3929244
3933776
3938308
3942840
3947372
3951904
3956436
3960968
3965500
3970032
3974564
3979096
3983628
3988160
3992692
3997224
4001756
4006288
4010820
4015352
4019884
4024416
4028948
4033480
4038012
4042544
4047076
4051608
4056140
4060672
4065204
4069736
4074268
4078800
4083332
4087864
4092396
4096928
4101460
4105992
4110524
4115056
4119588
4124120
4128652
4133184
4137716
4142248
4146780
4151312
4155844
4160376
4164908
4169440
4173972
4178504
4183036
4187568
4192100
4196632
4201164
4205696
4210228
4214760
4219292
4223824
4228356
4232888
4237420
4241952
4246484
4251016
4255548
4260080
4264612
4269144
4273676
4278208
4282740
4287272
4291804
4296336
4300868
4305400
4309932
4314464
4318996
4323528
4328060
4332592
4337124
4341656
4346188
4350720
4355252
4359784
4364316
4368848
4373380
4377912
4382444
4386976
4391508
4396040
4400572
4405104
4409636
4414168
4418700
4423232
4427764
4432296
4436828
4441360
4445892
4450424
4454956
4459488
4464020
4468552
4473084
4477616
4482148
4486680
4491212
4495744
4500276
4504808
4509340
4513872
4518404
4522936
4527468
4532000
4536532
4541064
4545596
4550128
4554660
4559192
4563724
4568256
4572788
4577320
4581852
4586384
4590916
4595448
4599980
4604512
4609044
4613576
4618108
4622640
4627172
4631704
4636236
4640768
4645300
4649832
4654364
4658896
4663428
4667960
4672492
4677024
4681556
4686088
4690620
4695152
4699684
4704216
4708748
4713280
4717812
4722344
4726876
4731408
4735940
4740472
4745004
4749536
4754068
4758600
4763132
4767664
4772196
4776728
4781260
4785792
4790324
4794856
4799388
4803920
4808452
4812984
4817516
4822048
4826580
4831112
4835644
4840176
4844708
4849240
4853772
4858304
4862836
4867368
4871900
4876432
4880964
4885496
4890028
4894560
4899092
4903624
4908156
4912688
4917220
4921752
4926284
4930816
4935348
4939880
4944412
4948944
4953476
4958008
4962540
4967072
4971604
4976136
4980668
4985200
4989732
4994264
4998796
5003328
5007860
5012392
5016924
5021456
5025988
5030520
5035052
5039584
5044116
5048648
5053180
5057712
5062244
5066776
5071308
5075840
5080372
5084904
5089436
5093968
5098500
5103032
5107564
5112096
5116628
5121160
5125692
5130224
5134756
5139288
5143820
5148352
5152884
5157416
5161948
5166480
5171012
5175544
5180076
5184608
5189140
5193672
5198204
5202736
5207268
5211800
5216332
5220864
5225396
5229928
5234460
5238992
5243524
5248056
5252588
5257120
5261652
5266184
5270716
5275248
5279780
5284312
5288844
5293376
5297908
5302440
5306972
5311504
5316036
5320568
5325100
5329632
5334164
5338696
5343228
5347760
5352292
5356824
5361356
5365888
5370420
5374952
5379484
5384016
5388548
5393080
5397612
5402144
5406676
5411208
5415740
5420272
5424804
5429336
5433868
5438400
5442932
5447464
5451996
5456528
5461060
5465592
5470124
5474656
5479188
5483720
5488252
5492784
5497316
5501848
5506380
5510912
5515444
5519976
5524508
5529040
5533572
5538104
5542636
5547168
5551700
5556232
5560764
5565296
5569828
5574360
5578892
5583424
5587956
5592488
5597020
5601552
5606084
5610616
5615148
5619680
5624212
5628744
5633276
5637808
5642340
5646872
5651404
5655936
5660468
5665000
5669532
5674064
5678596
5683128
5687660
5692192
5696724
5701256
5705788
5710320
5714852
5719384
5723916
5728448
5732980
5737512
5742044
5746576
5751108
5755640
5760172
5764704
5769236
5773768
5778300
5782832
5787364
5791896
5796428
5800960
5805492
5810024
5814556
5819088
5823620
5828152
5832684
5837216
5841748
5846280
5850812
5855344
5859876
5864408
5868940
5873472
5878004
5882536
5887068
5891600
5896132
5900664
5905196
5909728
5914260
5918792
5923324
5927856
5932388
5936920
5941452
5945984
5950516
5955048
5959580
5964112
5968644
5973176
5977708
5982240
5986772
5991304
5995836
6000368
6004900
6009432
6013964
6018496
6023028
6027560
6032092
6036624
6041156
6045688
6050220
6054752
6059284
6063816
6068348
6072880
6077412
6081944
6086476
6091008
6095540
6100072
6104604
6109136
6113668
6118200
6122732
6127264
6131796
6136328
6140860
6145392
6149924
6154456
6158988
6163520
6168052
6172584
6177116
6181648
6186180
6190712
6195244
6199776
6204308
6208840
6213372
6217904
6222436
6226968
6231500
6236032
6240564
6245096
6249628
6254160
6258692
6263224
6267756
6272288
6276820
6281352
6285884
6290416
6294948
6299480
6304012
6308544
6313076
6317608
6322140
6326672
6331204
6335736
6340268
6344800
6349332
6353864
6358396
6362928
6367460
6371992
6376524
6381056
6385588
6390120
6394652
6399184
6403716
6408248
6412780
6417312
6421844
6426376
6430908
6435440
6439972
6444504
6449036
6453568
6458100
6462632
6467164
6471696
6476228
6480760
6485292
6489824
6494356
6498888
6503420
6507952
6512484
6517016
6521548
6526080
6530612
6535144
6539676
6544208
6548740
6553272
6557804
6562336
6566868
6571400
6575932
6580464
6584996
6589528
6594060
6598592
6603124
6607656
6612188
6616720
6621252
6625784
6630316
6634848
6639380
6643912
6648444
6652976
6657508
6662040
6666572
6671104
6675636
6680168
6684700
6689232
6693764
6698296
6702828
6707360
6711892
6716424
6720956
6725488
6730020
6734552
6739084
6743616
6748148
6752680
6757212
6761744
6766276
6770808
6775340
6779872
6784404
6788936
6793468
6798000
6802532
6807064
6811596
6816128
6820660
6825192
6829724
6834256
6838788
6843320
6847852
6852384
6856916
6861448
6865980
6870512
6875044
6879576
6884108
6888640
6893172
6897704
6902236
6906768
6911300
6915832
6920364
6924896
6929428
6933960
6938492
6943024
6947556
6952088
6956620
6961152
6965684
6970216
6974748
6979280
6983812
6988344
6992876
6997408
7001940
7006472
7011004
7015536
7020068
7024600
7029132
7033664
7038196
7042728
7047260
7051792
7056324
7060856
7065388
7069920
7074452
7078984
7083516
7088048
7092580
7097112
7101644
7106176
7110708
7115240
7119772
7124304
7128836
7133368
7137900
7142432
7146964
7151496
7156028
7160560
7165092
7169624
7174156
7178688
7183220
7187752
7192284
7196816
7201348
7205880
7210412
7214944
7219476
7224008
7228540
7233072
7237604
7242136
7246668
7251200
7255732
7260264
7264796
7269328
7273860
7278392
7282924
7287456
7291988
7296520
7301052
7305584
7310116
7314648
7319180
7323712
7328244
7332776
7337308
7341840
7346372
7350904
7355436
7359968
7364500
7369032
7373564
7378096
7382628
7387160
7391692
7396224
7400756
7405288
7409820
7414352
7418884
7423416
7427948
7432480
7437012
7441544
7446076
7450608
7455140
7459672
7464204
7468736
7473268
7477800
7482332
7486864
7491396
7495928
7500460
7504992
7509524
7514056
7518588
7523120
7527652
7532184
7536716
7541248
7545780
7550312
7554844
7559376
7563908
7568440
7572972
7577504
7582036
7586568
7591100
7595632
7600164
7604696
7609228
7613760
7618292
7622824
7627356
7631888
7636420
7640952
7645484
7650016
7654548
7659080
7663612
7668144
7672676
7677208
7681740
7686272
7690804
7695336
7699868
7704400
7708932
7713464
7717996
7722528
7727060
7731592
7736124
7740656
7745188
7749720
7754252
7758784
7763316
7767848
7772380
7776912
7781444
7785976
7790508
7795040
7799572
7804104
7808636
7813168
7817700
7822232
7826764
7831296
7835828
7840360
7844892
7849424
7853956
7858488
7863020
7867552
7872084
7876616
7881148
7885680
7890212
7894744
7899276
7903808
7908340
7912872
7917404
7921936
7926468
7931000
7935532
7940064
7944596
7949128
7953660
7958192
7962724
7967256
7971788
7976320
7980852
7985384
7989916
7994448
7998980
8003512
8008044
8012576
8017108
8021640
8026172
8030704
8035236
8039768
8044300
8048832
8053364
8057896
8062428
8066960
8071492
8076024
8080556
8085088
8089620
8094152
8098684
8103216
8107748
8112280
8116812
8121344
8125876
8130408
8134940
8139472
8144004
8148536
8153068
8157600
8162132
8166664
8171196
8175728
8180260
8184792
8189324
8193856
8198388
8202920
8207452
8211984
8216516
8221048
8225580
8230112
8234644
8239176
8243708
8248240
8252772
8257304
8261836
8266368
8270900
8275432
8279964
8284496
8289028
8293560
8298092
8302624
8307156
8311688
8316220
8320752
8325284
8329816
8334348
8338880
8343412
8347944
8352476
8357008
8361540
8366072
8370604
8375136
8379668
8384200
8388732
8393264
8397796
8402328
8406860
8411392
8415924
8420456
8424988
8429520
8434052
8438584
8443116
8447648
8452180
8456712
8461244
8465776
8470308
8474840
8479372
8483904
8488436
8492968
8497500
8502032
8506564
8511096
8515628
8520160
8524692
8529224
8533756
8538288
8542820
8547352
8551884
8556416
8560948
8565480
8570012
8574544
8579076
8583608
8588140
8592672
8597204
8601736
8606268
8610800
8615332
8619864
8624396
8628928
8633460
8637992
8642524
8647056
8651588
8656120
8660652
8665184
8669716
8674248
8678780
8683312
8687844
8692376
8696908
8701440
8705972
8710504
8715036
8719568
8724100
8728632
8733164
8737696
8742228
8746760
8751292
8755824
8760356
8764888
8769420
8773952
8778484
8783016
8787548
8792080
8796612
8801144
8805676
8810208
8814740
8819272
8823804
8828336
8832868
8837400
8841932
8846464
8850996
8855528
8860060
8864592
8869124
8873656
8878188
8882720
8887252
8891784
8896316
8900848
8905380
8909912
8914444
8918976
8923508
8928040
8932572
8937104
8941636
8946168
8950700
8955232
8959764
8964296
8968828
8973360
8977892
8982424
8986956
8991488
8996020
9000552
9005084
9009616
9014148
9018680
9023212
9027744
9032276
9036808
9041340
9045872
9050404
9054936
9059468
9064000
9068532
9073064
9077596
9082128
9086660
9091192
9095724
9100256
9104788
9109320
9113852
9118384
9122916
9127448
9131980
9136512
9141044
9145576
9150108
9154640
9159172
9163704
9168236
9172768
9177300
9181832
9186364
9190896
9195428
9199960
9204492
9209024
9213556
9218088
9222620
9227152
9231684
9236216
9240748
9245280
9249812
9254344
9258876
9263408
9267940
9272472
9277004
9281536
9286068
9290600
9295132
9299664
9304196
9308728
9313260
9317792
9322324
9326856
9331388
9335920
9340452
9344984
9349516
9354048
9358580
9363112
9367644
9372176
9376708
9381240
9385772
9390304
9394836
9399368
9403900
9408432
9412964
9417496
9422028
9426560
9431092
9435624
9440156
9444688
9449220
9453752
9458284
9462816
9467348
9471880
9476412
9480944
9485476
9490008
9494540
9499072
9503604
9508136
9512668
9517200
9521732
9526264
9530796
9535328
9539860
9544392
9548924
9553456
9557988
9562520
9567052
9571584
9576116
9580648
9585180
9589712
9594244
9598776
9603308
9607840
9612372
9616904
9621436
9625968
9630500
9635032
9639564
9644096
9648628
9653160
9657692
9662224
9666756
9671288
9675820
9680352
9684884
9689416
9693948
9698480
9703012
9707544
9712076
9716608
9721140
9725672
9730204
9734736
9739268
9743800
9748332
9752864
9757396
9761928
9766460
9770992
9775524
9780056
9784588
9789120
9793652
9798184
9802716
9807248
9811780
9816312
9820844
9825376
9829908
9834440
9838972
9843504
9848036
9852568
9857100
9861632
9866164
9870696
9875228
9879760
9884292
9888824
9893356
9897888
9902420
9906952
9911484
9916016
9920548
9925080
9929612
9934144
9938676
9943208
9947740
9952272
9956804
9961336
9965868
9970400
9974932
9979464
9983996
9988528
9993060
9997592
10002124
10006656
10011188
10015720
10020252
10024784
10029316
10033848
10038380
10042912
10047444
10051976
10056508
10061040
10065572
10070104
10074636
10079168
10083700
10088232
10092764
10097296
10101828
10106360
10110892
10115424
10119956
10124488
10129020
10133552
10138084
10142616
10147148
10151680
10156212
10160744
10165276
10169808
10174340
10178872
10183404
10187936
10192468
10197000
10201532
10206064
10210596
10215128
10219660
10224192
10228724
10233256
10237788
10242320
10246852
10251384
10255916
10260448
10264980
10269512
10274044
10278576
10283108
10287640
10292172
10296704
10301236
10305768
10310300
10314832
10319364
10323896
10328428
10332960
10337492
10342024
10346556
10351088
10355620
10360152
10364684
10369216
10373748
10378280
10382812
10387344
10391876
10396408
10400940
10405472
10410004
10414536
10419068
10423600
10428132
10432664
10437196
10441728
10446260
10450792
10455324
10459856
10464388
10468920
10473452
10477984
10482516
10487048
10491580
10496112
10500644
10505176
10509708
10514240
10518772
10523304
10527836
10532368
10536900
10541432
10545964
10550496
10555028
10559560
10564092
10568624
10573156
10577688
10582220
10586752
10591284
10595816
10600348
10604880
10609412
10613944
10618476
10623008
10627540
multipleArray run with num=3 and length=3 this is run 7 of the program
3
6
9
multipleArray run with num=3 and length=3 this is run 8 of the program
3
6
9
multipleArray run with num=3 and length=3 this is run 9 of the program
3
6
9
multipleArray run with num=3 and length=3 this is run 10 of the program
3
6
9
multipleArray run with num=3 and length=3 this is run 11 of the program
3
6
9
multipleArray run with num=5432 and length=543 this is run 12 of the program
5432
10864
16296
21728
27160
32592
38024
43456
48888
54320
59752
65184
70616
76048
81480
86912
92344
97776
103208
108640
114072
119504
124936
130368
135800
141232
146664
152096
157528
162960
168392
173824
179256
184688
190120
195552
200984
206416
211848
217280
222712
228144
233576
239008
244440
249872
255304
260736
266168
271600
277032
282464
287896
293328
298760
304192
309624
315056
320488
325920
331352
336784
342216
347648
353080
358512
363944
369376
374808
380240
385672
391104
396536
401968
407400
412832
418264
423696
429128
434560
439992
445424
450856
456288
461720
467152
472584
478016
483448
488880
494312
499744
505176
510608
516040
521472
526904
532336
537768
543200
548632
554064
559496
564928
570360
575792
581224
586656
592088
597520
602952
608384
613816
619248
624680
630112
635544
640976
646408
651840
657272
662704
668136
673568
679000
684432
689864
695296
700728
706160
711592
717024
722456
727888
733320
738752
744184
749616
755048
760480
765912
771344
776776
782208
787640
793072
798504
803936
809368
814800
820232
825664
831096
836528
841960
847392
852824
858256
863688
869120
874552
879984
885416
890848
896280
901712
907144
912576
918008
923440
928872
934304
939736
945168
950600
956032
961464
966896
972328
977760
983192
988624
994056
999488
1004920
1010352
1015784
1021216
1026648
1032080
1037512
1042944
1048376
1053808
1059240
1064672
1070104
1075536
1080968
1086400
1091832
1097264
1102696
1108128
1113560
1118992
1124424
1129856
1135288
1140720
1146152
1151584
1157016
1162448
1167880
1173312
1178744
1184176
1189608
1195040
1200472
1205904
1211336
1216768
1222200
1227632
1233064
1238496
1243928
1249360
1254792
1260224
1265656
1271088
1276520
1281952
1287384
1292816
1298248
1303680
1309112
1314544
1319976
1325408
1330840
1336272
1341704
1347136
1352568
1358000
1363432
1368864
1374296
1379728
1385160
1390592
1396024
1401456
1406888
1412320
1417752
1423184
1428616
1434048
1439480
1444912
1450344
1455776
1461208
1466640
1472072
1477504
1482936
1488368
1493800
1499232
1504664
1510096
1515528
1520960
1526392
1531824
1537256
1542688
1548120
1553552
1558984
1564416
1569848
1575280
1580712
1586144
1591576
1597008
1602440
1607872
1613304
1618736
1624168
1629600
1635032
1640464
1645896
1651328
1656760
1662192
1667624
1673056
1678488
1683920
1689352
1694784
1700216
1705648
1711080
1716512
1721944
1727376
1732808
1738240
1743672
1749104
1754536
1759968
1765400
1770832
1776264
1781696
1787128
1792560
1797992
1803424
1808856
1814288
1819720
1825152
1830584
1836016
1841448
1846880
1852312
1857744
1863176
1868608
1874040
1879472
1884904
1890336
1895768
1901200
1906632
1912064
1917496
1922928
1928360
1933792
1939224
1944656
1950088
1955520
1960952
1966384
1971816
1977248
1982680
1988112
1993544
1998976
2004408
2009840
2015272
2020704
2026136
2031568
2037000
2042432
2047864
2053296
2058728
2064160
2069592
2075024
2080456
2085888
2091320
2096752
2102184
2107616
2113048
2118480
2123912
2129344
2134776
2140208
2145640
2151072
2156504
2161936
2167368
2172800
2178232
2183664
2189096
2194528
2199960
2205392
2210824
2216256
2221688
2227120
2232552
2237984
2243416
2248848
2254280
2259712
2265144
2270576
2276008
2281440
2286872
2292304
2297736
2303168
2308600
2314032
2319464
2324896
2330328
2335760
2341192
2346624
2352056
2357488
2362920
2368352
2373784
2379216
2384648
2390080
2395512
2400944
2406376
2411808
2417240
2422672
2428104
2433536
2438968
2444400
2449832
2455264
2460696
2466128
2471560
2476992
2482424
2487856
2493288
2498720
2504152
2509584
2515016
2520448
2525880
2531312
2536744
2542176
2547608
2553040
2558472
2563904
2569336
2574768
2580200
2585632
2591064
2596496
2601928
2607360
2612792
2618224
2623656
2629088
2634520
2639952
2645384
2650816
2656248
2661680
2667112
2672544
2677976
2683408
2688840
2694272
2699704
2705136
2710568
2716000
2721432
2726864
2732296
2737728
2743160
2748592
2754024
2759456
2764888
2770320
2775752
2781184
2786616
2792048
2797480
2802912
2808344
2813776
2819208
2824640
2830072
2835504
2840936
2846368
2851800
2857232
2862664
2868096
2873528
2878960
2884392
2889824
2895256
2900688
2906120
2911552
2916984
2922416
2927848
2933280
2938712
2944144
2949576
multipleArray run with num=3 and length=3 this is run 13 of the program
3
6
9
